"";"Alt";"API";"Diff";"PGIPCA";"PGI_1";"PGI_1.16";"PGI_1.3"
"1";500;43;81;-0,908455794537099;57;17;1
"2";808;20;60;-1,71560791750788;38;13;13
"3";570;28;72;-1,3024749337279;46;17;3
"4";550;28;72;-0,87903405280498;47;27;3
"5";550;28;72;-0,324253458818462;50;35;6
"6";380;15;71;-0,744963790514355;44;32;3
"7";930;21;71;-0,482284364387155;50;27;8
"8";650;10;74;-2,69382939241731;25;4;0
"9";600;10;74;-2,77178672047073;28;0;0
"10";1500;19;76;-0,259948876900175;80;12;1
"11";1750;22;74;-1,36131841719214;33;22;6
"12";2000;58;82;-0,9193779914452;66;13;0
"13";2500;34;86;-1,08560054469497;47;21;8
"14";2000;21;85;-1,01583486432263;32;27;14
"15";7850;42;79;-0,560241692440569;84;4;0
"16";10500;50;93;-0,233257684395082;92;4;0
